7 0.222830 0.210585 0.274180 0.161390
1 0.297850 0.312705 0.274890 0.075120
7 0.194520 0.377455 0.224880 0.058370
9 0.111068 0.112750 0.222135 0.225500
7 0.795787 0.105425 0.190705 0.066150
6 0.602140 0.245262 0.043690 0.121565
4 0.603400 0.373735 0.061320 0.131720
2 0.652550 0.234550 0.107530 0.164410
1 0.690775 0.135980 0.167180 0.026460
8 0.692025 0.102600 0.109200 0.047860
8 0.752940 0.316433 0.160450 0.115265
0 0.163882 0.837548 0.099975 0.066765
5 0.316790 0.835330 0.084850 0.200940
6 0.224378 0.580545 0.246145 0.042850
6 0.222695 0.604795 0.202450 0.037150
1 0.383990 0.817075 0.039480 0.229890
1 0.788615 0.785535 0.264110 0.114580
7 0.716745 0.690810 0.270840 0.121010
9 0.735868 0.853468 0.310325 0.100485
