0 0.162645 0.174068 0.073290 0.120075
1 0.258640 0.109842 0.167180 0.039505
1 0.297620 0.284275 0.195060 0.046740
2 0.252380 0.230865 0.313730 0.288190
3 0.222958 0.375235 0.140905 0.159670
4 0.332500 0.371845 0.162510 0.159670
5 0.802083 0.279288 0.067205 0.180775
4 0.853753 0.306365 0.074775 0.177020
0 0.842403 0.153927 0.087365 0.058595
6 0.758400 0.268575 0.055460 0.207230
9 0.665142 0.269833 0.092425 0.274025
0 0.301225 0.608387 0.117030 0.094735
2 0.167820 0.797907 0.183200 0.288235
8 0.914650 0.741485 0.080660 0.163130
7 0.677442 0.853605 0.105265 0.199680
4 0.592860 0.873587 0.080890 0.175735
9 0.834037 0.865920 0.254795 0.081070
0 0.705895 0.769272 0.074090 0.052165
1 0.752757 0.575107 0.226825 0.034585
2 0.677158 0.705495 0.161825 0.209200
