7 0.318013 0.323690 0.097415 0.222980
3 0.232353 0.308573 0.107505 0.127235
8 0.252507 0.120863 0.285555 0.185195
0 0.650697 0.143980 0.086195 0.062370
1 0.801155 0.332765 0.077110 0.153060
7 0.856730 0.250848 0.100550 0.204645
7 0.749360 0.241485 0.141380 0.159880
0 0.162555 0.662658 0.067060 0.115655
1 0.254440 0.600148 0.164040 0.038565
1 0.290915 0.773358 0.192310 0.048475
2 0.247198 0.719032 0.308675 0.285675
3 0.218438 0.860988 0.138725 0.159465
4 0.326425 0.858067 0.160750 0.160635
0 0.604657 0.765108 0.078985 0.060495
7 0.698752 0.744313 0.109205 0.191485
8 0.873060 0.710300 0.088210 0.144880
3 0.901212 0.863365 0.078965 0.128520
4 0.833165 0.852978 0.072240 0.153055
6 0.661090 0.937653 0.194510 0.032455
1 0.854302 0.942253 0.202265 0.036805
2 0.738635 0.615437 0.297920 0.108055
9 0.709238 0.874902 0.284345 0.094005
