2 0.151500 0.285867 0.125520 0.103295
2 0.366710 0.306032 0.134380 0.176355
5 0.181940 0.315965 0.195700 0.184230
9 0.255870 0.333763 0.159580 0.181415
0 0.666640 0.158272 0.068140 0.119065
1 0.758310 0.096587 0.165780 0.040055
4 0.831345 0.358550 0.162530 0.160860
3 0.722673 0.361045 0.139595 0.163880
1 0.796772 0.270508 0.193045 0.045435
2 0.753893 0.216720 0.314785 0.284800
0 0.104658 0.765108 0.078985 0.060495
7 0.198752 0.744313 0.109205 0.191485
8 0.373060 0.710300 0.088210 0.144880
3 0.401212 0.863365 0.078965 0.128520
4 0.333165 0.852978 0.072240 0.153055
6 0.161090 0.937653 0.194510 0.032455
1 0.354302 0.942253 0.202265 0.036805
2 0.238635 0.615437 0.297920 0.108055
9 0.209238 0.874902 0.284345 0.094005
4 0.686988 0.802585 0.097435 0.212270
9 0.743695 0.764167 0.116780 0.273995
2 0.830225 0.770772 0.130210 0.264545
