7 0.318013 0.323690 0.097415 0.222980
3 0.232353 0.308573 0.107505 0.127235
8 0.252507 0.120863 0.285555 0.185195
0 0.665405 0.157795 0.066490 0.121400
1 0.757907 0.096110 0.162825 0.040010
2 0.753298 0.210290 0.313915 0.301190
1 0.795972 0.274595 0.193135 0.051820
4 0.724183 0.357177 0.139505 0.159625
3 0.830970 0.356295 0.159990 0.150950
0 0.104658 0.765108 0.078985 0.060495
7 0.198752 0.744313 0.109205 0.191485
8 0.373060 0.710300 0.088210 0.144880
3 0.401212 0.863365 0.078965 0.128520
4 0.333165 0.852978 0.072240 0.153055
6 0.161090 0.937653 0.194510 0.032455
1 0.354302 0.942253 0.202265 0.036805
2 0.238635 0.615437 0.297920 0.108055
9 0.209238 0.874902 0.284345 0.094005
8 0.712635 0.800410 0.278550 0.124330
7 0.707025 0.668313 0.313620 0.144175
1 0.794290 0.769845 0.315520 0.088280
