8 0.192435 0.159590 0.239800 0.075330
7 0.186748 0.225523 0.210805 0.094255
9 0.234835 0.289332 0.310870 0.109955
2 0.380763 0.160035 0.238475 0.282080
1 0.210860 0.359535 0.271940 0.060930
1 0.287675 0.360930 0.270610 0.055210
7 0.696350 0.161880 0.225110 0.056650
8 0.796510 0.246225 0.245800 0.086220
1 0.785353 0.308550 0.286425 0.039940
1 0.705140 0.220852 0.283290 0.055435
9 0.730592 0.361662 0.323575 0.105975
4 0.231505 0.609535 0.255320 0.187710
1 0.109317 0.850457 0.051225 0.266445
1 0.173585 0.867715 0.038680 0.192610
8 0.834045 0.788258 0.103570 0.183105
7 0.701727 0.727605 0.165595 0.192170
