0 0.150697 0.143980 0.086195 0.062370
1 0.301155 0.332765 0.077110 0.153060
7 0.356730 0.250848 0.100550 0.204645
7 0.249360 0.241485 0.141380 0.159880
4 0.731505 0.109535 0.255320 0.187710
1 0.609318 0.350457 0.051225 0.266445
1 0.673585 0.367715 0.038680 0.192610
8 0.273153 0.853058 0.234565 0.077225
7 0.291075 0.771643 0.265460 0.129135
7 0.228395 0.674608 0.211970 0.135065
2 0.293260 0.713023 0.413480 0.344975
8 0.712635 0.800410 0.278550 0.124330
7 0.707025 0.668313 0.313620 0.144175
1 0.794290 0.769845 0.315520 0.088280
