0 0.162555 0.162658 0.067060 0.115655
1 0.254440 0.100148 0.164040 0.038565
1 0.290915 0.273358 0.192310 0.048475
2 0.247198 0.219033 0.308675 0.285675
3 0.218438 0.360988 0.138725 0.159465
4 0.326425 0.358067 0.160750 0.160635
0 0.650697 0.143980 0.086195 0.062370
1 0.801155 0.332765 0.077110 0.153060
7 0.856730 0.250848 0.100550 0.204645
7 0.749360 0.241485 0.141380 0.159880
8 0.374330 0.712200 0.065530 0.133530
7 0.201682 0.745260 0.101645 0.188350
0 0.110118 0.765108 0.076445 0.057975
2 0.242858 0.621803 0.294875 0.105175
6 0.332742 0.585592 0.214215 0.032755
9 0.211775 0.872820 0.273040 0.090710
4 0.334597 0.833990 0.067225 0.131700
3 0.389450 0.849830 0.073930 0.122820
7 0.338417 0.930075 0.228085 0.051640
1 0.191188 0.906925 0.225135 0.028040
8 0.692435 0.659590 0.239800 0.075330
7 0.686748 0.725523 0.210805 0.094255
9 0.734835 0.789332 0.310870 0.109955
2 0.880763 0.660035 0.238475 0.282080
1 0.710860 0.859535 0.271940 0.060930
1 0.787675 0.860930 0.270610 0.055210
