8 0.334045 0.288257 0.103570 0.183105
7 0.201727 0.227605 0.165595 0.192170
0 0.604657 0.265107 0.078985 0.060495
7 0.698752 0.244312 0.109205 0.191485
8 0.873060 0.210300 0.088210 0.144880
3 0.901212 0.363365 0.078965 0.128520
4 0.833165 0.352977 0.072240 0.153055
6 0.661090 0.437652 0.194510 0.032455
1 0.854302 0.442253 0.202265 0.036805
2 0.738635 0.115437 0.297920 0.108055
9 0.709238 0.374903 0.284345 0.094005
8 0.212635 0.800410 0.278550 0.124330
7 0.207025 0.668313 0.313620 0.144175
1 0.294290 0.769845 0.315520 0.088280
3 0.686347 0.709453 0.137495 0.216575
4 0.772043 0.669215 0.171365 0.173130
0 0.883625 0.628680 0.079170 0.146490
