2 0.239345 0.330637 0.233600 0.095055
2 0.197392 0.215575 0.291005 0.159370
0 0.168975 0.196282 0.095060 0.062645
7 0.795787 0.105425 0.190705 0.066150
6 0.602140 0.245262 0.043690 0.121565
4 0.603400 0.373735 0.061320 0.131720
2 0.652550 0.234550 0.107530 0.164410
1 0.690775 0.135980 0.167180 0.026460
8 0.692025 0.102600 0.109200 0.047860
8 0.752940 0.316433 0.160450 0.115265
8 0.273153 0.853058 0.234565 0.077225
7 0.291075 0.771643 0.265460 0.129135
7 0.228395 0.674608 0.211970 0.135065
2 0.293260 0.713023 0.413480 0.344975
3 0.686347 0.709453 0.137495 0.216575
4 0.772043 0.669215 0.171365 0.173130
0 0.883625 0.628680 0.079170 0.146490
