7 0.338178 0.309820 0.142775 0.249440
3 0.305000 0.125897 0.190640 0.095745
2 0.758790 0.249967 0.177180 0.231815
9 0.841098 0.286818 0.150355 0.203435
5 0.643330 0.273920 0.193180 0.220440
6 0.636188 0.230145 0.197345 0.067430
8 0.414650 0.741485 0.080660 0.163130
7 0.177443 0.853605 0.105265 0.199680
4 0.092860 0.873587 0.080890 0.175735
9 0.334037 0.865920 0.254795 0.081070
0 0.205895 0.769272 0.074090 0.052165
1 0.252757 0.575107 0.226825 0.034585
2 0.177158 0.705495 0.161825 0.209200
7 0.722830 0.710585 0.274180 0.161390
1 0.797850 0.812705 0.274890 0.075120
7 0.694520 0.877455 0.224880 0.058370
9 0.611068 0.612750 0.222135 0.225500
