8 0.149313 0.334653 0.276285 0.205675
2 0.288510 0.391955 0.317560 0.104120
0 0.666640 0.158272 0.068140 0.119065
1 0.758310 0.096587 0.165780 0.040055
4 0.831345 0.358550 0.162530 0.160860
3 0.722673 0.361045 0.139595 0.163880
1 0.796772 0.270508 0.193045 0.045435
2 0.753893 0.216720 0.314785 0.284800
2 0.151500 0.715700 0.158070 0.228380
8 0.243578 0.808570 0.079835 0.180200
7 0.696350 0.661880 0.225110 0.056650
8 0.796510 0.746225 0.245800 0.086220
1 0.785353 0.808550 0.286425 0.039940
1 0.705140 0.720853 0.283290 0.055435
9 0.730592 0.861662 0.323575 0.105975
