1 0.288615 0.285535 0.264110 0.114580
7 0.216745 0.190810 0.270840 0.121010
9 0.235867 0.353468 0.310325 0.100485
0 0.662555 0.162658 0.067060 0.115655
1 0.754440 0.100148 0.164040 0.038565
1 0.790915 0.273358 0.192310 0.048475
2 0.747198 0.219033 0.308675 0.285675
3 0.718438 0.360988 0.138725 0.159465
4 0.826425 0.358067 0.160750 0.160635
0 0.166640 0.658273 0.068140 0.119065
1 0.258310 0.596587 0.165780 0.040055
4 0.331345 0.858550 0.162530 0.160860
3 0.222672 0.861045 0.139595 0.163880
1 0.296772 0.770508 0.193045 0.045435
2 0.253893 0.716720 0.314785 0.284800
7 0.818013 0.823690 0.097415 0.222980
3 0.732352 0.808573 0.107505 0.127235
8 0.752507 0.620862 0.285555 0.185195
