8 0.192435 0.159590 0.239800 0.075330
7 0.186748 0.225523 0.210805 0.094255
9 0.234835 0.289332 0.310870 0.109955
2 0.380763 0.160035 0.238475 0.282080
1 0.210860 0.359535 0.271940 0.060930
1 0.287675 0.360930 0.270610 0.055210
2 0.758790 0.249967 0.177180 0.231815
9 0.841098 0.286818 0.150355 0.203435
5 0.643330 0.273920 0.193180 0.220440
6 0.636188 0.230145 0.197345 0.067430
3 0.186347 0.709453 0.137495 0.216575
4 0.272043 0.669215 0.171365 0.173130
0 0.383625 0.628680 0.079170 0.146490
0 0.650697 0.643980 0.086195 0.062370
1 0.801155 0.832765 0.077110 0.153060
7 0.856730 0.750848 0.100550 0.204645
7 0.749360 0.741485 0.141380 0.159880
