0 0.150697 0.143980 0.086195 0.062370
1 0.301155 0.332765 0.077110 0.153060
7 0.356730 0.250848 0.100550 0.204645
7 0.249360 0.241485 0.141380 0.159880
2 0.758790 0.249967 0.177180 0.231815
9 0.841098 0.286818 0.150355 0.203435
5 0.643330 0.273920 0.193180 0.220440
6 0.636188 0.230145 0.197345 0.067430
4 0.231505 0.609535 0.255320 0.187710
1 0.109317 0.850457 0.051225 0.266445
1 0.173585 0.867715 0.038680 0.192610
0 0.665405 0.657795 0.066490 0.121400
1 0.757907 0.596110 0.162825 0.040010
2 0.753298 0.710290 0.313915 0.301190
1 0.795972 0.774595 0.193135 0.051820
4 0.724183 0.857177 0.139505 0.159625
3 0.830970 0.856295 0.159990 0.150950
