7 0.160908 0.296760 0.103595 0.194440
4 0.243682 0.319717 0.068045 0.153055
8 0.351442 0.297610 0.089975 0.176860
7 0.828015 0.179275 0.229620 0.128470
9 0.773943 0.224948 0.316615 0.212815
0 0.104658 0.765108 0.078985 0.060495
7 0.198752 0.744313 0.109205 0.191485
8 0.373060 0.710300 0.088210 0.144880
3 0.401212 0.863365 0.078965 0.128520
4 0.333165 0.852978 0.072240 0.153055
6 0.161090 0.937653 0.194510 0.032455
1 0.354302 0.942253 0.202265 0.036805
2 0.238635 0.615437 0.297920 0.108055
9 0.209238 0.874902 0.284345 0.094005
2 0.873575 0.813160 0.117030 0.187000
2 0.738270 0.843638 0.233920 0.214355
0 0.699852 0.881863 0.098305 0.079675
