4 0.231505 0.109535 0.255320 0.187710
1 0.109317 0.350457 0.051225 0.266445
1 0.173585 0.367715 0.038680 0.192610
1 0.788615 0.285535 0.264110 0.114580
7 0.716745 0.190810 0.270840 0.121010
9 0.735868 0.353468 0.310325 0.100485
0 0.085363 0.800800 0.099225 0.063540
2 0.285672 0.886862 0.320895 0.114625
0 0.604657 0.765108 0.078985 0.060495
7 0.698752 0.744313 0.109205 0.191485
8 0.873060 0.710300 0.088210 0.144880
3 0.901212 0.863365 0.078965 0.128520
4 0.833165 0.852978 0.072240 0.153055
6 0.661090 0.937653 0.194510 0.032455
1 0.854302 0.942253 0.202265 0.036805
2 0.738635 0.615437 0.297920 0.108055
9 0.709238 0.874902 0.284345 0.094005
