7 0.407098 0.271722 0.085695 0.169445
0 0.136165 0.232340 0.079790 0.052920
2 0.245800 0.125270 0.305790 0.109590
5 0.163892 0.312658 0.194075 0.059835
9 0.314260 0.101648 0.257910 0.054795
8 0.914650 0.241485 0.080660 0.163130
7 0.677442 0.353605 0.105265 0.199680
4 0.592860 0.373587 0.080890 0.175735
9 0.834037 0.365920 0.254795 0.081070
0 0.705895 0.269272 0.074090 0.052165
1 0.752757 0.075107 0.226825 0.034585
2 0.677158 0.205495 0.161825 0.209200
7 0.338178 0.809820 0.142775 0.249440
3 0.305000 0.625897 0.190640 0.095745
0 0.650697 0.643980 0.086195 0.062370
1 0.801155 0.832765 0.077110 0.153060
7 0.856730 0.750848 0.100550 0.204645
7 0.749360 0.741485 0.141380 0.159880
