7 0.262600 0.278622 0.095260 0.213735
6 0.136703 0.303847 0.053675 0.196155
1 0.386965 0.319720 0.034040 0.164410
9 0.345010 0.261055 0.110390 0.284020
0 0.604657 0.265107 0.078985 0.060495
7 0.698752 0.244312 0.109205 0.191485
8 0.873060 0.210300 0.088210 0.144880
3 0.901212 0.363365 0.078965 0.128520
4 0.833165 0.352977 0.072240 0.153055
6 0.661090 0.437652 0.194510 0.032455
1 0.854302 0.442253 0.202265 0.036805
2 0.738635 0.115437 0.297920 0.108055
9 0.709238 0.374903 0.284345 0.094005
7 0.295787 0.605425 0.190705 0.066150
6 0.102140 0.745262 0.043690 0.121565
4 0.103400 0.873735 0.061320 0.131720
2 0.152550 0.734550 0.107530 0.164410
1 0.190775 0.635980 0.167180 0.026460
8 0.192025 0.602600 0.109200 0.047860
8 0.252940 0.816433 0.160450 0.115265
7 0.696350 0.661880 0.225110 0.056650
8 0.796510 0.746225 0.245800 0.086220
1 0.785353 0.808550 0.286425 0.039940
1 0.705140 0.720853 0.283290 0.055435
9 0.730592 0.861662 0.323575 0.105975
