8 0.281965 0.305025 0.210760 0.075920
1 0.203813 0.364820 0.240305 0.045140
1 0.254887 0.246705 0.236345 0.069830
2 0.282822 0.191818 0.402445 0.282005
2 0.758790 0.249967 0.177180 0.231815
9 0.841098 0.286818 0.150355 0.203435
5 0.643330 0.273920 0.193180 0.220440
6 0.636188 0.230145 0.197345 0.067430
7 0.407098 0.771722 0.085695 0.169445
0 0.136165 0.732340 0.079790 0.052920
2 0.245800 0.625270 0.305790 0.109590
5 0.163892 0.812658 0.194075 0.059835
9 0.314260 0.601648 0.257910 0.054795
0 0.666640 0.658273 0.068140 0.119065
1 0.758310 0.596587 0.165780 0.040055
4 0.831345 0.858550 0.162530 0.160860
3 0.722673 0.861045 0.139595 0.163880
1 0.796772 0.770508 0.193045 0.045435
2 0.753893 0.716720 0.314785 0.284800
