0 0.104658 0.265107 0.078985 0.060495
7 0.198752 0.244312 0.109205 0.191485
8 0.373060 0.210300 0.088210 0.144880
3 0.401212 0.363365 0.078965 0.128520
4 0.333165 0.352977 0.072240 0.153055
6 0.161090 0.437652 0.194510 0.032455
1 0.354302 0.442253 0.202265 0.036805
2 0.238635 0.115437 0.297920 0.108055
9 0.209238 0.374903 0.284345 0.094005
5 0.802083 0.279288 0.067205 0.180775
4 0.853753 0.306365 0.074775 0.177020
0 0.842403 0.153927 0.087365 0.058595
6 0.758400 0.268575 0.055460 0.207230
9 0.665142 0.269833 0.092425 0.274025
7 0.196350 0.661880 0.225110 0.056650
8 0.296510 0.746225 0.245800 0.086220
1 0.285353 0.808550 0.286425 0.039940
1 0.205140 0.720853 0.283290 0.055435
9 0.230593 0.861662 0.323575 0.105975
2 0.758790 0.749968 0.177180 0.231815
9 0.841098 0.786817 0.150355 0.203435
5 0.643330 0.773920 0.193180 0.220440
6 0.636188 0.730145 0.197345 0.067430
