0 0.085363 0.300800 0.099225 0.063540
2 0.285672 0.386862 0.320895 0.114625
8 0.712635 0.300410 0.278550 0.124330
7 0.707025 0.168313 0.313620 0.144175
1 0.794290 0.269845 0.315520 0.088280
7 0.318013 0.823690 0.097415 0.222980
3 0.232353 0.808573 0.107505 0.127235
8 0.252507 0.620862 0.285555 0.185195
0 0.662555 0.662658 0.067060 0.115655
1 0.754440 0.600148 0.164040 0.038565
1 0.790915 0.773358 0.192310 0.048475
2 0.747198 0.719032 0.308675 0.285675
3 0.718438 0.860988 0.138725 0.159465
4 0.826425 0.858067 0.160750 0.160635
