7 0.295787 0.105425 0.190705 0.066150
6 0.102140 0.245262 0.043690 0.121565
4 0.103400 0.373735 0.061320 0.131720
2 0.152550 0.234550 0.107530 0.164410
1 0.190775 0.135980 0.167180 0.026460
8 0.192025 0.102600 0.109200 0.047860
8 0.252940 0.316433 0.160450 0.115265
7 0.838178 0.309820 0.142775 0.249440
3 0.805000 0.125897 0.190640 0.095745
0 0.163882 0.837548 0.099975 0.066765
5 0.316790 0.835330 0.084850 0.200940
6 0.224378 0.580545 0.246145 0.042850
6 0.222695 0.604795 0.202450 0.037150
1 0.383990 0.817075 0.039480 0.229890
8 0.692435 0.659590 0.239800 0.075330
7 0.686748 0.725523 0.210805 0.094255
9 0.734835 0.789332 0.310870 0.109955
2 0.880763 0.660035 0.238475 0.282080
1 0.710860 0.859535 0.271940 0.060930
1 0.787675 0.860930 0.270610 0.055210
