7 0.262600 0.278622 0.095260 0.213735
6 0.136703 0.303847 0.053675 0.196155
1 0.386965 0.319720 0.034040 0.164410
9 0.345010 0.261055 0.110390 0.284020
2 0.758790 0.249967 0.177180 0.231815
9 0.841098 0.286818 0.150355 0.203435
5 0.643330 0.273920 0.193180 0.220440
6 0.636188 0.230145 0.197345 0.067430
2 0.239345 0.830637 0.233600 0.095055
2 0.197392 0.715575 0.291005 0.159370
0 0.168975 0.696283 0.095060 0.062645
8 0.712635 0.800410 0.278550 0.124330
7 0.707025 0.668313 0.313620 0.144175
1 0.794290 0.769845 0.315520 0.088280
