7 0.338178 0.309820 0.142775 0.249440
3 0.305000 0.125897 0.190640 0.095745
8 0.914650 0.241485 0.080660 0.163130
7 0.677442 0.353605 0.105265 0.199680
4 0.592860 0.373587 0.080890 0.175735
9 0.834037 0.365920 0.254795 0.081070
0 0.705895 0.269272 0.074090 0.052165
1 0.752757 0.075107 0.226825 0.034585
2 0.677158 0.205495 0.161825 0.209200
2 0.258790 0.749968 0.177180 0.231815
9 0.341097 0.786817 0.150355 0.203435
5 0.143330 0.773920 0.193180 0.220440
6 0.136188 0.730145 0.197345 0.067430
7 0.795787 0.605425 0.190705 0.066150
6 0.602140 0.745262 0.043690 0.121565
4 0.603400 0.873735 0.061320 0.131720
2 0.652550 0.734550 0.107530 0.164410
1 0.690775 0.635980 0.167180 0.026460
8 0.692025 0.602600 0.109200 0.047860
8 0.752940 0.816433 0.160450 0.115265
