8 0.273153 0.353058 0.234565 0.077225
7 0.291075 0.271643 0.265460 0.129135
7 0.228395 0.174607 0.211970 0.135065
2 0.293260 0.213023 0.413480 0.344975
8 0.914650 0.241485 0.080660 0.163130
7 0.677442 0.353605 0.105265 0.199680
4 0.592860 0.373587 0.080890 0.175735
9 0.834037 0.365920 0.254795 0.081070
0 0.705895 0.269272 0.074090 0.052165
1 0.752757 0.075107 0.226825 0.034585
2 0.677158 0.205495 0.161825 0.209200
8 0.281965 0.805025 0.210760 0.075920
1 0.203813 0.864820 0.240305 0.045140
1 0.254887 0.746705 0.236345 0.069830
2 0.282822 0.691817 0.402445 0.282005
7 0.838178 0.809820 0.142775 0.249440
3 0.805000 0.625897 0.190640 0.095745
