8 0.374330 0.212200 0.065530 0.133530
7 0.201682 0.245260 0.101645 0.188350
0 0.110118 0.265107 0.076445 0.057975
2 0.242858 0.121802 0.294875 0.105175
6 0.332742 0.085593 0.214215 0.032755
9 0.211775 0.372820 0.273040 0.090710
4 0.334597 0.333990 0.067225 0.131700
3 0.389450 0.349830 0.073930 0.122820
7 0.338417 0.430075 0.228085 0.051640
1 0.191188 0.406925 0.225135 0.028040
0 0.663882 0.337548 0.099975 0.066765
5 0.816790 0.335330 0.084850 0.200940
6 0.724378 0.080545 0.246145 0.042850
6 0.722695 0.104795 0.202450 0.037150
1 0.883990 0.317075 0.039480 0.229890
2 0.151500 0.785867 0.125520 0.103295
2 0.366710 0.806032 0.134380 0.176355
5 0.181940 0.815965 0.195700 0.184230
9 0.255870 0.833762 0.159580 0.181415
8 0.712635 0.800410 0.278550 0.124330
7 0.707025 0.668313 0.313620 0.144175
1 0.794290 0.769845 0.315520 0.088280
