2 0.151500 0.285867 0.125520 0.103295
2 0.366710 0.306032 0.134380 0.176355
5 0.181940 0.315965 0.195700 0.184230
9 0.255870 0.333763 0.159580 0.181415
7 0.660907 0.296760 0.103595 0.194440
4 0.743683 0.319717 0.068045 0.153055
8 0.851442 0.297610 0.089975 0.176860
0 0.162645 0.674068 0.073290 0.120075
1 0.258640 0.609842 0.167180 0.039505
1 0.297620 0.784275 0.195060 0.046740
2 0.252380 0.730865 0.313730 0.288190
3 0.222958 0.875235 0.140905 0.159670
4 0.332500 0.871845 0.162510 0.159670
8 0.692435 0.659590 0.239800 0.075330
7 0.686748 0.725523 0.210805 0.094255
9 0.734835 0.789332 0.310870 0.109955
2 0.880763 0.660035 0.238475 0.282080
1 0.710860 0.859535 0.271940 0.060930
1 0.787675 0.860930 0.270610 0.055210
