7 0.407098 0.271722 0.085695 0.169445
0 0.136165 0.232340 0.079790 0.052920
2 0.245800 0.125270 0.305790 0.109590
5 0.163892 0.312658 0.194075 0.059835
9 0.314260 0.101648 0.257910 0.054795
8 0.649312 0.334653 0.276285 0.205675
2 0.788510 0.391955 0.317560 0.104120
7 0.222830 0.710585 0.274180 0.161390
1 0.297850 0.812705 0.274890 0.075120
7 0.194520 0.877455 0.224880 0.058370
9 0.111068 0.612750 0.222135 0.225500
4 0.731505 0.609535 0.255320 0.187710
1 0.609318 0.850457 0.051225 0.266445
1 0.673585 0.867715 0.038680 0.192610
