4 0.231505 0.109535 0.255320 0.187710
1 0.109317 0.350457 0.051225 0.266445
1 0.173585 0.367715 0.038680 0.192610
2 0.651500 0.285867 0.125520 0.103295
2 0.866710 0.306032 0.134380 0.176355
5 0.681940 0.315965 0.195700 0.184230
9 0.755870 0.333763 0.159580 0.181415
7 0.407098 0.771722 0.085695 0.169445
0 0.136165 0.732340 0.079790 0.052920
2 0.245800 0.625270 0.305790 0.109590
5 0.163892 0.812658 0.194075 0.059835
9 0.314260 0.601648 0.257910 0.054795
0 0.663882 0.837548 0.099975 0.066765
5 0.816790 0.835330 0.084850 0.200940
6 0.724378 0.580545 0.246145 0.042850
6 0.722695 0.604795 0.202450 0.037150
1 0.883990 0.817075 0.039480 0.229890
