0 0.162645 0.174068 0.073290 0.120075
1 0.258640 0.109842 0.167180 0.039505
1 0.297620 0.284275 0.195060 0.046740
2 0.252380 0.230865 0.313730 0.288190
3 0.222958 0.375235 0.140905 0.159670
4 0.332500 0.371845 0.162510 0.159670
1 0.788615 0.285535 0.264110 0.114580
7 0.716745 0.190810 0.270840 0.121010
9 0.735868 0.353468 0.310325 0.100485
8 0.334045 0.788258 0.103570 0.183105
7 0.201727 0.727605 0.165595 0.192170
7 0.818013 0.823690 0.097415 0.222980
3 0.732352 0.808573 0.107505 0.127235
8 0.752507 0.620862 0.285555 0.185195
