0 0.166640 0.158272 0.068140 0.119065
1 0.258310 0.096587 0.165780 0.040055
4 0.331345 0.358550 0.162530 0.160860
3 0.222672 0.361045 0.139595 0.163880
1 0.296772 0.270508 0.193045 0.045435
2 0.253893 0.216720 0.314785 0.284800
7 0.838178 0.309820 0.142775 0.249440
3 0.805000 0.125897 0.190640 0.095745
1 0.288615 0.785535 0.264110 0.114580
7 0.216745 0.690810 0.270840 0.121010
9 0.235867 0.853468 0.310325 0.100485
8 0.773153 0.853058 0.234565 0.077225
7 0.791075 0.771643 0.265460 0.129135
7 0.728395 0.674608 0.211970 0.135065
2 0.793260 0.713023 0.413480 0.344975
