0 0.104658 0.265107 0.078985 0.060495
7 0.198752 0.244312 0.109205 0.191485
8 0.373060 0.210300 0.088210 0.144880
3 0.401212 0.363365 0.078965 0.128520
4 0.333165 0.352977 0.072240 0.153055
6 0.161090 0.437652 0.194510 0.032455
1 0.354302 0.442253 0.202265 0.036805
2 0.238635 0.115437 0.297920 0.108055
9 0.209238 0.374903 0.284345 0.094005
8 0.712635 0.300410 0.278550 0.124330
7 0.707025 0.168313 0.313620 0.144175
1 0.794290 0.269845 0.315520 0.088280
2 0.258790 0.749968 0.177180 0.231815
9 0.341097 0.786817 0.150355 0.203435
5 0.143330 0.773920 0.193180 0.220440
6 0.136188 0.730145 0.197345 0.067430
8 0.781965 0.805025 0.210760 0.075920
1 0.703812 0.864820 0.240305 0.045140
1 0.754887 0.746705 0.236345 0.069830
2 0.782822 0.691817 0.402445 0.282005
