2 0.258790 0.249967 0.177180 0.231815
9 0.341097 0.286818 0.150355 0.203435
5 0.143330 0.273920 0.193180 0.220440
6 0.136188 0.230145 0.197345 0.067430
0 0.665405 0.157795 0.066490 0.121400
1 0.757907 0.096110 0.162825 0.040010
2 0.753298 0.210290 0.313915 0.301190
1 0.795972 0.274595 0.193135 0.051820
4 0.724183 0.357177 0.139505 0.159625
3 0.830970 0.356295 0.159990 0.150950
0 0.163882 0.837548 0.099975 0.066765
5 0.316790 0.835330 0.084850 0.200940
6 0.224378 0.580545 0.246145 0.042850
6 0.222695 0.604795 0.202450 0.037150
1 0.383990 0.817075 0.039480 0.229890
0 0.650697 0.643980 0.086195 0.062370
1 0.801155 0.832765 0.077110 0.153060
7 0.856730 0.750848 0.100550 0.204645
7 0.749360 0.741485 0.141380 0.159880
