7 0.222830 0.210585 0.274180 0.161390
1 0.297850 0.312705 0.274890 0.075120
7 0.194520 0.377455 0.224880 0.058370
9 0.111068 0.112750 0.222135 0.225500
1 0.788615 0.285535 0.264110 0.114580
7 0.716745 0.190810 0.270840 0.121010
9 0.735868 0.353468 0.310325 0.100485
0 0.163882 0.837548 0.099975 0.066765
5 0.316790 0.835330 0.084850 0.200940
6 0.224378 0.580545 0.246145 0.042850
6 0.222695 0.604795 0.202450 0.037150
1 0.383990 0.817075 0.039480 0.229890
4 0.731505 0.609535 0.255320 0.187710
1 0.609318 0.850457 0.051225 0.266445
1 0.673585 0.867715 0.038680 0.192610
