8 0.281965 0.305025 0.210760 0.075920
1 0.203813 0.364820 0.240305 0.045140
1 0.254887 0.246705 0.236345 0.069830
2 0.282822 0.191818 0.402445 0.282005
8 0.692435 0.159590 0.239800 0.075330
7 0.686748 0.225523 0.210805 0.094255
9 0.734835 0.289332 0.310870 0.109955
2 0.880763 0.160035 0.238475 0.282080
1 0.710860 0.359535 0.271940 0.060930
1 0.787675 0.360930 0.270610 0.055210
0 0.165405 0.657795 0.066490 0.121400
1 0.257908 0.596110 0.162825 0.040010
2 0.253298 0.710290 0.313915 0.301190
1 0.295972 0.774595 0.193135 0.051820
4 0.224183 0.857177 0.139505 0.159625
3 0.330970 0.856295 0.159990 0.150950
7 0.762600 0.778622 0.095260 0.213735
6 0.636702 0.803848 0.053675 0.196155
1 0.886965 0.819720 0.034040 0.164410
9 0.845010 0.761055 0.110390 0.284020
