0 0.104658 0.265107 0.078985 0.060495
7 0.198752 0.244312 0.109205 0.191485
8 0.373060 0.210300 0.088210 0.144880
3 0.401212 0.363365 0.078965 0.128520
4 0.333165 0.352977 0.072240 0.153055
6 0.161090 0.437652 0.194510 0.032455
1 0.354302 0.442253 0.202265 0.036805
2 0.238635 0.115437 0.297920 0.108055
9 0.209238 0.374903 0.284345 0.094005
3 0.686347 0.209452 0.137495 0.216575
4 0.772043 0.169215 0.171365 0.173130
0 0.883625 0.128680 0.079170 0.146490
0 0.165405 0.657795 0.066490 0.121400
1 0.257908 0.596110 0.162825 0.040010
2 0.253298 0.710290 0.313915 0.301190
1 0.295972 0.774595 0.193135 0.051820
4 0.224183 0.857177 0.139505 0.159625
3 0.330970 0.856295 0.159990 0.150950
0 0.662645 0.674068 0.073290 0.120075
1 0.758640 0.609842 0.167180 0.039505
1 0.797620 0.784275 0.195060 0.046740
2 0.752380 0.730865 0.313730 0.288190
3 0.722958 0.875235 0.140905 0.159670
4 0.832500 0.871845 0.162510 0.159670
