4 0.231505 0.109535 0.255320 0.187710
1 0.109317 0.350457 0.051225 0.266445
1 0.173585 0.367715 0.038680 0.192610
8 0.781965 0.305025 0.210760 0.075920
1 0.703812 0.364820 0.240305 0.045140
1 0.754887 0.246705 0.236345 0.069830
2 0.782822 0.191818 0.402445 0.282005
7 0.328015 0.679275 0.229620 0.128470
9 0.273943 0.724948 0.316615 0.212815
0 0.604657 0.765108 0.078985 0.060495
7 0.698752 0.744313 0.109205 0.191485
8 0.873060 0.710300 0.088210 0.144880
3 0.901212 0.863365 0.078965 0.128520
4 0.833165 0.852978 0.072240 0.153055
6 0.661090 0.937653 0.194510 0.032455
1 0.854302 0.942253 0.202265 0.036805
2 0.738635 0.615437 0.297920 0.108055
9 0.709238 0.874902 0.284345 0.094005
