8 0.334045 0.288257 0.103570 0.183105
7 0.201727 0.227605 0.165595 0.192170
0 0.666640 0.158272 0.068140 0.119065
1 0.758310 0.096587 0.165780 0.040055
4 0.831345 0.358550 0.162530 0.160860
3 0.722673 0.361045 0.139595 0.163880
1 0.796772 0.270508 0.193045 0.045435
2 0.753893 0.216720 0.314785 0.284800
7 0.160908 0.796760 0.103595 0.194440
4 0.243682 0.819717 0.068045 0.153055
8 0.351442 0.797610 0.089975 0.176860
7 0.795787 0.605425 0.190705 0.066150
6 0.602140 0.745262 0.043690 0.121565
4 0.603400 0.873735 0.061320 0.131720
2 0.652550 0.734550 0.107530 0.164410
1 0.690775 0.635980 0.167180 0.026460
8 0.692025 0.602600 0.109200 0.047860
8 0.752940 0.816433 0.160450 0.115265
