3 0.186347 0.209452 0.137495 0.216575
4 0.272043 0.169215 0.171365 0.173130
0 0.383625 0.128680 0.079170 0.146490
0 0.666640 0.158272 0.068140 0.119065
1 0.758310 0.096587 0.165780 0.040055
4 0.831345 0.358550 0.162530 0.160860
3 0.722673 0.361045 0.139595 0.163880
1 0.796772 0.270508 0.193045 0.045435
2 0.753893 0.216720 0.314785 0.284800
8 0.212635 0.800410 0.278550 0.124330
7 0.207025 0.668313 0.313620 0.144175
1 0.294290 0.769845 0.315520 0.088280
2 0.758790 0.749968 0.177180 0.231815
9 0.841098 0.786817 0.150355 0.203435
5 0.643330 0.773920 0.193180 0.220440
6 0.636188 0.730145 0.197345 0.067430
