4 0.231505 0.109535 0.255320 0.187710
1 0.109317 0.350457 0.051225 0.266445
1 0.173585 0.367715 0.038680 0.192610
0 0.663882 0.337548 0.099975 0.066765
5 0.816790 0.335330 0.084850 0.200940
6 0.724378 0.080545 0.246145 0.042850
6 0.722695 0.104795 0.202450 0.037150
1 0.883990 0.317075 0.039480 0.229890
3 0.186347 0.709453 0.137495 0.216575
4 0.272043 0.669215 0.171365 0.173130
0 0.383625 0.628680 0.079170 0.146490
7 0.696350 0.661880 0.225110 0.056650
8 0.796510 0.746225 0.245800 0.086220
1 0.785353 0.808550 0.286425 0.039940
1 0.705140 0.720853 0.283290 0.055435
9 0.730592 0.861662 0.323575 0.105975
