2 0.258790 0.249967 0.177180 0.231815
9 0.341097 0.286818 0.150355 0.203435
5 0.143330 0.273920 0.193180 0.220440
6 0.136188 0.230145 0.197345 0.067430
2 0.651500 0.285867 0.125520 0.103295
2 0.866710 0.306032 0.134380 0.176355
5 0.681940 0.315965 0.195700 0.184230
9 0.755870 0.333763 0.159580 0.181415
4 0.186988 0.802585 0.097435 0.212270
9 0.243695 0.764167 0.116780 0.273995
2 0.330225 0.770772 0.130210 0.264545
0 0.650697 0.643980 0.086195 0.062370
1 0.801155 0.832765 0.077110 0.153060
7 0.856730 0.750848 0.100550 0.204645
7 0.749360 0.741485 0.141380 0.159880
