2 0.373575 0.313160 0.117030 0.187000
2 0.238270 0.343638 0.233920 0.214355
0 0.199852 0.381862 0.098305 0.079675
0 0.585363 0.300800 0.099225 0.063540
2 0.785672 0.386862 0.320895 0.114625
0 0.166640 0.658273 0.068140 0.119065
1 0.258310 0.596587 0.165780 0.040055
4 0.331345 0.858550 0.162530 0.160860
3 0.222672 0.861045 0.139595 0.163880
1 0.296772 0.770508 0.193045 0.045435
2 0.253893 0.716720 0.314785 0.284800
4 0.731505 0.609535 0.255320 0.187710
1 0.609318 0.850457 0.051225 0.266445
1 0.673585 0.867715 0.038680 0.192610
