0 0.104658 0.265107 0.078985 0.060495
7 0.198752 0.244312 0.109205 0.191485
8 0.373060 0.210300 0.088210 0.144880
3 0.401212 0.363365 0.078965 0.128520
4 0.333165 0.352977 0.072240 0.153055
6 0.161090 0.437652 0.194510 0.032455
1 0.354302 0.442253 0.202265 0.036805
2 0.238635 0.115437 0.297920 0.108055
9 0.209238 0.374903 0.284345 0.094005
7 0.838178 0.309820 0.142775 0.249440
3 0.805000 0.125897 0.190640 0.095745
0 0.166640 0.658273 0.068140 0.119065
1 0.258310 0.596587 0.165780 0.040055
4 0.331345 0.858550 0.162530 0.160860
3 0.222672 0.861045 0.139595 0.163880
1 0.296772 0.770508 0.193045 0.045435
2 0.253893 0.716720 0.314785 0.284800
7 0.762600 0.778622 0.095260 0.213735
6 0.636702 0.803848 0.053675 0.196155
1 0.886965 0.819720 0.034040 0.164410
9 0.845010 0.761055 0.110390 0.284020
