8 0.281965 0.305025 0.210760 0.075920
1 0.203813 0.364820 0.240305 0.045140
1 0.254887 0.246705 0.236345 0.069830
2 0.282822 0.191818 0.402445 0.282005
0 0.665405 0.157795 0.066490 0.121400
1 0.757907 0.096110 0.162825 0.040010
2 0.753298 0.210290 0.313915 0.301190
1 0.795972 0.274595 0.193135 0.051820
4 0.724183 0.357177 0.139505 0.159625
3 0.830970 0.356295 0.159990 0.150950
8 0.273153 0.853058 0.234565 0.077225
7 0.291075 0.771643 0.265460 0.129135
7 0.228395 0.674608 0.211970 0.135065
2 0.293260 0.713023 0.413480 0.344975
4 0.731505 0.609535 0.255320 0.187710
1 0.609318 0.850457 0.051225 0.266445
1 0.673585 0.867715 0.038680 0.192610
