0 0.162555 0.162658 0.067060 0.115655
1 0.254440 0.100148 0.164040 0.038565
1 0.290915 0.273358 0.192310 0.048475
2 0.247198 0.219033 0.308675 0.285675
3 0.218438 0.360988 0.138725 0.159465
4 0.326425 0.358067 0.160750 0.160635
2 0.739345 0.330637 0.233600 0.095055
2 0.697392 0.215575 0.291005 0.159370
0 0.668975 0.196282 0.095060 0.062645
2 0.151500 0.715700 0.158070 0.228380
8 0.243578 0.808570 0.079835 0.180200
2 0.651500 0.785867 0.125520 0.103295
2 0.866710 0.806032 0.134380 0.176355
5 0.681940 0.815965 0.195700 0.184230
9 0.755870 0.833762 0.159580 0.181415
