3 0.186347 0.209452 0.137495 0.216575
4 0.272043 0.169215 0.171365 0.173130
0 0.383625 0.128680 0.079170 0.146490
7 0.907098 0.271722 0.085695 0.169445
0 0.636165 0.232340 0.079790 0.052920
2 0.745800 0.125270 0.305790 0.109590
5 0.663892 0.312658 0.194075 0.059835
9 0.814260 0.101648 0.257910 0.054795
0 0.165405 0.657795 0.066490 0.121400
1 0.257908 0.596110 0.162825 0.040010
2 0.253298 0.710290 0.313915 0.301190
1 0.295972 0.774595 0.193135 0.051820
4 0.224183 0.857177 0.139505 0.159625
3 0.330970 0.856295 0.159990 0.150950
0 0.604657 0.765108 0.078985 0.060495
7 0.698752 0.744313 0.109205 0.191485
8 0.873060 0.710300 0.088210 0.144880
3 0.901212 0.863365 0.078965 0.128520
4 0.833165 0.852978 0.072240 0.153055
6 0.661090 0.937653 0.194510 0.032455
1 0.854302 0.942253 0.202265 0.036805
2 0.738635 0.615437 0.297920 0.108055
9 0.709238 0.874902 0.284345 0.094005
