7 0.328015 0.179275 0.229620 0.128470
9 0.273943 0.224948 0.316615 0.212815
8 0.914650 0.241485 0.080660 0.163130
7 0.677442 0.353605 0.105265 0.199680
4 0.592860 0.373587 0.080890 0.175735
9 0.834037 0.365920 0.254795 0.081070
0 0.705895 0.269272 0.074090 0.052165
1 0.752757 0.075107 0.226825 0.034585
2 0.677158 0.205495 0.161825 0.209200
7 0.160908 0.796760 0.103595 0.194440
4 0.243682 0.819717 0.068045 0.153055
8 0.351442 0.797610 0.089975 0.176860
7 0.818013 0.823690 0.097415 0.222980
3 0.732352 0.808573 0.107505 0.127235
8 0.752507 0.620862 0.285555 0.185195
