7 0.160908 0.296760 0.103595 0.194440
4 0.243682 0.319717 0.068045 0.153055
8 0.351442 0.297610 0.089975 0.176860
0 0.650697 0.143980 0.086195 0.062370
1 0.801155 0.332765 0.077110 0.153060
7 0.856730 0.250848 0.100550 0.204645
7 0.749360 0.241485 0.141380 0.159880
1 0.288615 0.785535 0.264110 0.114580
7 0.216745 0.690810 0.270840 0.121010
9 0.235867 0.853468 0.310325 0.100485
0 0.665405 0.657795 0.066490 0.121400
1 0.757907 0.596110 0.162825 0.040010
2 0.753298 0.710290 0.313915 0.301190
1 0.795972 0.774595 0.193135 0.051820
4 0.724183 0.857177 0.139505 0.159625
3 0.830970 0.856295 0.159990 0.150950
