2 0.258790 0.249967 0.177180 0.231815
9 0.341097 0.286818 0.150355 0.203435
5 0.143330 0.273920 0.193180 0.220440
6 0.136188 0.230145 0.197345 0.067430
8 0.874330 0.212200 0.065530 0.133530
7 0.701682 0.245260 0.101645 0.188350
0 0.610117 0.265107 0.076445 0.057975
2 0.742858 0.121802 0.294875 0.105175
6 0.832742 0.085593 0.214215 0.032755
9 0.711775 0.372820 0.273040 0.090710
4 0.834597 0.333990 0.067225 0.131700
3 0.889450 0.349830 0.073930 0.122820
7 0.838417 0.430075 0.228085 0.051640
1 0.691188 0.406925 0.225135 0.028040
5 0.302083 0.779288 0.067205 0.180775
4 0.353753 0.806365 0.074775 0.177020
0 0.342402 0.653927 0.087365 0.058595
6 0.258400 0.768575 0.055460 0.207230
9 0.165142 0.769833 0.092425 0.274025
0 0.604657 0.765108 0.078985 0.060495
7 0.698752 0.744313 0.109205 0.191485
8 0.873060 0.710300 0.088210 0.144880
3 0.901212 0.863365 0.078965 0.128520
4 0.833165 0.852978 0.072240 0.153055
6 0.661090 0.937653 0.194510 0.032455
1 0.854302 0.942253 0.202265 0.036805
2 0.738635 0.615437 0.297920 0.108055
9 0.709238 0.874902 0.284345 0.094005
