7 0.407098 0.271722 0.085695 0.169445
0 0.136165 0.232340 0.079790 0.052920
2 0.245800 0.125270 0.305790 0.109590
5 0.163892 0.312658 0.194075 0.059835
9 0.314260 0.101648 0.257910 0.054795
8 0.712635 0.300410 0.278550 0.124330
7 0.707025 0.168313 0.313620 0.144175
1 0.794290 0.269845 0.315520 0.088280
8 0.334045 0.788258 0.103570 0.183105
7 0.201727 0.727605 0.165595 0.192170
8 0.914650 0.741485 0.080660 0.163130
7 0.677442 0.853605 0.105265 0.199680
4 0.592860 0.873587 0.080890 0.175735
9 0.834037 0.865920 0.254795 0.081070
0 0.705895 0.769272 0.074090 0.052165
1 0.752757 0.575107 0.226825 0.034585
2 0.677158 0.705495 0.161825 0.209200
