0 0.166640 0.158272 0.068140 0.119065
1 0.258310 0.096587 0.165780 0.040055
4 0.331345 0.358550 0.162530 0.160860
3 0.222672 0.361045 0.139595 0.163880
1 0.296772 0.270508 0.193045 0.045435
2 0.253893 0.216720 0.314785 0.284800
7 0.660907 0.296760 0.103595 0.194440
4 0.743683 0.319717 0.068045 0.153055
8 0.851442 0.297610 0.089975 0.176860
4 0.231505 0.609535 0.255320 0.187710
1 0.109317 0.850457 0.051225 0.266445
1 0.173585 0.867715 0.038680 0.192610
8 0.874330 0.712200 0.065530 0.133530
7 0.701682 0.745260 0.101645 0.188350
0 0.610117 0.765108 0.076445 0.057975
2 0.742858 0.621803 0.294875 0.105175
6 0.832742 0.585592 0.214215 0.032755
9 0.711775 0.872820 0.273040 0.090710
4 0.834597 0.833990 0.067225 0.131700
3 0.889450 0.849830 0.073930 0.122820
7 0.838417 0.930075 0.228085 0.051640
1 0.691188 0.906925 0.225135 0.028040
