8 0.273153 0.353058 0.234565 0.077225
7 0.291075 0.271643 0.265460 0.129135
7 0.228395 0.174607 0.211970 0.135065
2 0.293260 0.213023 0.413480 0.344975
7 0.696350 0.161880 0.225110 0.056650
8 0.796510 0.246225 0.245800 0.086220
1 0.785353 0.308550 0.286425 0.039940
1 0.705140 0.220852 0.283290 0.055435
9 0.730592 0.361662 0.323575 0.105975
8 0.281965 0.805025 0.210760 0.075920
1 0.203813 0.864820 0.240305 0.045140
1 0.254887 0.746705 0.236345 0.069830
2 0.282822 0.691817 0.402445 0.282005
7 0.795787 0.605425 0.190705 0.066150
6 0.602140 0.745262 0.043690 0.121565
4 0.603400 0.873735 0.061320 0.131720
2 0.652550 0.734550 0.107530 0.164410
1 0.690775 0.635980 0.167180 0.026460
8 0.692025 0.602600 0.109200 0.047860
8 0.752940 0.816433 0.160450 0.115265
