0 0.085363 0.300800 0.099225 0.063540
2 0.285672 0.386862 0.320895 0.114625
0 0.666640 0.158272 0.068140 0.119065
1 0.758310 0.096587 0.165780 0.040055
4 0.831345 0.358550 0.162530 0.160860
3 0.722673 0.361045 0.139595 0.163880
1 0.796772 0.270508 0.193045 0.045435
2 0.753893 0.216720 0.314785 0.284800
4 0.186988 0.802585 0.097435 0.212270
9 0.243695 0.764167 0.116780 0.273995
2 0.330225 0.770772 0.130210 0.264545
8 0.692435 0.659590 0.239800 0.075330
7 0.686748 0.725523 0.210805 0.094255
9 0.734835 0.789332 0.310870 0.109955
2 0.880763 0.660035 0.238475 0.282080
1 0.710860 0.859535 0.271940 0.060930
1 0.787675 0.860930 0.270610 0.055210
