7 0.262600 0.278622 0.095260 0.213735
6 0.136703 0.303847 0.053675 0.196155
1 0.386965 0.319720 0.034040 0.164410
9 0.345010 0.261055 0.110390 0.284020
0 0.665405 0.157795 0.066490 0.121400
1 0.757907 0.096110 0.162825 0.040010
2 0.753298 0.210290 0.313915 0.301190
1 0.795972 0.274595 0.193135 0.051820
4 0.724183 0.357177 0.139505 0.159625
3 0.830970 0.356295 0.159990 0.150950
0 0.301225 0.608387 0.117030 0.094735
2 0.167820 0.797907 0.183200 0.288235
8 0.914650 0.741485 0.080660 0.163130
7 0.677442 0.853605 0.105265 0.199680
4 0.592860 0.873587 0.080890 0.175735
9 0.834037 0.865920 0.254795 0.081070
0 0.705895 0.769272 0.074090 0.052165
1 0.752757 0.575107 0.226825 0.034585
2 0.677158 0.705495 0.161825 0.209200
