0 0.162555 0.162658 0.067060 0.115655
1 0.254440 0.100148 0.164040 0.038565
1 0.290915 0.273358 0.192310 0.048475
2 0.247198 0.219033 0.308675 0.285675
3 0.218438 0.360988 0.138725 0.159465
4 0.326425 0.358067 0.160750 0.160635
0 0.604657 0.265107 0.078985 0.060495
7 0.698752 0.244312 0.109205 0.191485
8 0.873060 0.210300 0.088210 0.144880
3 0.901212 0.363365 0.078965 0.128520
4 0.833165 0.352977 0.072240 0.153055
6 0.661090 0.437652 0.194510 0.032455
1 0.854302 0.442253 0.202265 0.036805
2 0.738635 0.115437 0.297920 0.108055
9 0.709238 0.374903 0.284345 0.094005
8 0.273153 0.853058 0.234565 0.077225
7 0.291075 0.771643 0.265460 0.129135
7 0.228395 0.674608 0.211970 0.135065
2 0.293260 0.713023 0.413480 0.344975
7 0.696350 0.661880 0.225110 0.056650
8 0.796510 0.746225 0.245800 0.086220
1 0.785353 0.808550 0.286425 0.039940
1 0.705140 0.720853 0.283290 0.055435
9 0.730592 0.861662 0.323575 0.105975
