2 0.239345 0.330637 0.233600 0.095055
2 0.197392 0.215575 0.291005 0.159370
0 0.168975 0.196282 0.095060 0.062645
0 0.604657 0.265107 0.078985 0.060495
7 0.698752 0.244312 0.109205 0.191485
8 0.873060 0.210300 0.088210 0.144880
3 0.901212 0.363365 0.078965 0.128520
4 0.833165 0.352977 0.072240 0.153055
6 0.661090 0.437652 0.194510 0.032455
1 0.854302 0.442253 0.202265 0.036805
2 0.738635 0.115437 0.297920 0.108055
9 0.709238 0.374903 0.284345 0.094005
7 0.262600 0.778622 0.095260 0.213735
6 0.136703 0.803848 0.053675 0.196155
1 0.386965 0.819720 0.034040 0.164410
9 0.345010 0.761055 0.110390 0.284020
0 0.650697 0.643980 0.086195 0.062370
1 0.801155 0.832765 0.077110 0.153060
7 0.856730 0.750848 0.100550 0.204645
7 0.749360 0.741485 0.141380 0.159880
