0 0.150697 0.143980 0.086195 0.062370
1 0.301155 0.332765 0.077110 0.153060
7 0.356730 0.250848 0.100550 0.204645
7 0.249360 0.241485 0.141380 0.159880
7 0.722830 0.210585 0.274180 0.161390
1 0.797850 0.312705 0.274890 0.075120
7 0.694520 0.377455 0.224880 0.058370
9 0.611068 0.112750 0.222135 0.225500
7 0.295787 0.605425 0.190705 0.066150
6 0.102140 0.745262 0.043690 0.121565
4 0.103400 0.873735 0.061320 0.131720
2 0.152550 0.734550 0.107530 0.164410
1 0.190775 0.635980 0.167180 0.026460
8 0.192025 0.602600 0.109200 0.047860
8 0.252940 0.816433 0.160450 0.115265
8 0.712635 0.800410 0.278550 0.124330
7 0.707025 0.668313 0.313620 0.144175
1 0.794290 0.769845 0.315520 0.088280
