8 0.374330 0.212200 0.065530 0.133530
7 0.201682 0.245260 0.101645 0.188350
0 0.110118 0.265107 0.076445 0.057975
2 0.242858 0.121802 0.294875 0.105175
6 0.332742 0.085593 0.214215 0.032755
9 0.211775 0.372820 0.273040 0.090710
4 0.334597 0.333990 0.067225 0.131700
3 0.389450 0.349830 0.073930 0.122820
7 0.338417 0.430075 0.228085 0.051640
1 0.191188 0.406925 0.225135 0.028040
8 0.781965 0.305025 0.210760 0.075920
1 0.703812 0.364820 0.240305 0.045140
1 0.754887 0.246705 0.236345 0.069830
2 0.782822 0.191818 0.402445 0.282005
4 0.231505 0.609535 0.255320 0.187710
1 0.109317 0.850457 0.051225 0.266445
1 0.173585 0.867715 0.038680 0.192610
7 0.907098 0.771722 0.085695 0.169445
0 0.636165 0.732340 0.079790 0.052920
2 0.745800 0.625270 0.305790 0.109590
5 0.663892 0.812658 0.194075 0.059835
9 0.814260 0.601648 0.257910 0.054795
