8 0.192435 0.159590 0.239800 0.075330
7 0.186748 0.225523 0.210805 0.094255
9 0.234835 0.289332 0.310870 0.109955
2 0.380763 0.160035 0.238475 0.282080
1 0.210860 0.359535 0.271940 0.060930
1 0.287675 0.360930 0.270610 0.055210
4 0.686988 0.302585 0.097435 0.212270
9 0.743695 0.264167 0.116780 0.273995
2 0.830225 0.270772 0.130210 0.264545
3 0.186347 0.709453 0.137495 0.216575
4 0.272043 0.669215 0.171365 0.173130
0 0.383625 0.628680 0.079170 0.146490
8 0.914650 0.741485 0.080660 0.163130
7 0.677442 0.853605 0.105265 0.199680
4 0.592860 0.873587 0.080890 0.175735
9 0.834037 0.865920 0.254795 0.081070
0 0.705895 0.769272 0.074090 0.052165
1 0.752757 0.575107 0.226825 0.034585
2 0.677158 0.705495 0.161825 0.209200
