7 0.295787 0.105425 0.190705 0.066150
6 0.102140 0.245262 0.043690 0.121565
4 0.103400 0.373735 0.061320 0.131720
2 0.152550 0.234550 0.107530 0.164410
1 0.190775 0.135980 0.167180 0.026460
8 0.192025 0.102600 0.109200 0.047860
8 0.252940 0.316433 0.160450 0.115265
0 0.666640 0.158272 0.068140 0.119065
1 0.758310 0.096587 0.165780 0.040055
4 0.831345 0.358550 0.162530 0.160860
3 0.722673 0.361045 0.139595 0.163880
1 0.796772 0.270508 0.193045 0.045435
2 0.753893 0.216720 0.314785 0.284800
0 0.162555 0.662658 0.067060 0.115655
1 0.254440 0.600148 0.164040 0.038565
1 0.290915 0.773358 0.192310 0.048475
2 0.247198 0.719032 0.308675 0.285675
3 0.218438 0.860988 0.138725 0.159465
4 0.326425 0.858067 0.160750 0.160635
0 0.650697 0.643980 0.086195 0.062370
1 0.801155 0.832765 0.077110 0.153060
7 0.856730 0.750848 0.100550 0.204645
7 0.749360 0.741485 0.141380 0.159880
