8 0.414650 0.241485 0.080660 0.163130
7 0.177443 0.353605 0.105265 0.199680
4 0.092860 0.373587 0.080890 0.175735
9 0.334037 0.365920 0.254795 0.081070
0 0.205895 0.269272 0.074090 0.052165
1 0.252757 0.075107 0.226825 0.034585
2 0.177158 0.205495 0.161825 0.209200
0 0.650697 0.143980 0.086195 0.062370
1 0.801155 0.332765 0.077110 0.153060
7 0.856730 0.250848 0.100550 0.204645
7 0.749360 0.241485 0.141380 0.159880
0 0.104658 0.765108 0.078985 0.060495
7 0.198752 0.744313 0.109205 0.191485
8 0.373060 0.710300 0.088210 0.144880
3 0.401212 0.863365 0.078965 0.128520
4 0.333165 0.852978 0.072240 0.153055
6 0.161090 0.937653 0.194510 0.032455
1 0.354302 0.942253 0.202265 0.036805
2 0.238635 0.615437 0.297920 0.108055
9 0.209238 0.874902 0.284345 0.094005
2 0.758790 0.749968 0.177180 0.231815
9 0.841098 0.786817 0.150355 0.203435
5 0.643330 0.773920 0.193180 0.220440
6 0.636188 0.730145 0.197345 0.067430
