1 0.288615 0.285535 0.264110 0.114580
7 0.216745 0.190810 0.270840 0.121010
9 0.235867 0.353468 0.310325 0.100485
4 0.731505 0.109535 0.255320 0.187710
1 0.609318 0.350457 0.051225 0.266445
1 0.673585 0.367715 0.038680 0.192610
0 0.163882 0.837548 0.099975 0.066765
5 0.316790 0.835330 0.084850 0.200940
6 0.224378 0.580545 0.246145 0.042850
6 0.222695 0.604795 0.202450 0.037150
1 0.383990 0.817075 0.039480 0.229890
5 0.802083 0.779288 0.067205 0.180775
4 0.853753 0.806365 0.074775 0.177020
0 0.842403 0.653927 0.087365 0.058595
6 0.758400 0.768575 0.055460 0.207230
9 0.665142 0.769833 0.092425 0.274025
