8 0.334045 0.288257 0.103570 0.183105
7 0.201727 0.227605 0.165595 0.192170
8 0.874330 0.212200 0.065530 0.133530
7 0.701682 0.245260 0.101645 0.188350
0 0.610117 0.265107 0.076445 0.057975
2 0.742858 0.121802 0.294875 0.105175
6 0.832742 0.085593 0.214215 0.032755
9 0.711775 0.372820 0.273040 0.090710
4 0.834597 0.333990 0.067225 0.131700
3 0.889450 0.349830 0.073930 0.122820
7 0.838417 0.430075 0.228085 0.051640
1 0.691188 0.406925 0.225135 0.028040
4 0.186988 0.802585 0.097435 0.212270
9 0.243695 0.764167 0.116780 0.273995
2 0.330225 0.770772 0.130210 0.264545
4 0.731505 0.609535 0.255320 0.187710
1 0.609318 0.850457 0.051225 0.266445
1 0.673585 0.867715 0.038680 0.192610
