7 0.196350 0.161880 0.225110 0.056650
8 0.296510 0.246225 0.245800 0.086220
1 0.285353 0.308550 0.286425 0.039940
1 0.205140 0.220852 0.283290 0.055435
9 0.230593 0.361662 0.323575 0.105975
1 0.788615 0.285535 0.264110 0.114580
7 0.716745 0.190810 0.270840 0.121010
9 0.735868 0.353468 0.310325 0.100485
8 0.374330 0.712200 0.065530 0.133530
7 0.201682 0.745260 0.101645 0.188350
0 0.110118 0.765108 0.076445 0.057975
2 0.242858 0.621803 0.294875 0.105175
6 0.332742 0.585592 0.214215 0.032755
9 0.211775 0.872820 0.273040 0.090710
4 0.334597 0.833990 0.067225 0.131700
3 0.389450 0.849830 0.073930 0.122820
7 0.338417 0.930075 0.228085 0.051640
1 0.191188 0.906925 0.225135 0.028040
2 0.758790 0.749968 0.177180 0.231815
9 0.841098 0.786817 0.150355 0.203435
5 0.643330 0.773920 0.193180 0.220440
6 0.636188 0.730145 0.197345 0.067430
