8 0.334045 0.288257 0.103570 0.183105
7 0.201727 0.227605 0.165595 0.192170
7 0.696350 0.161880 0.225110 0.056650
8 0.796510 0.246225 0.245800 0.086220
1 0.785353 0.308550 0.286425 0.039940
1 0.705140 0.220852 0.283290 0.055435
9 0.730592 0.361662 0.323575 0.105975
5 0.302083 0.779288 0.067205 0.180775
4 0.353753 0.806365 0.074775 0.177020
0 0.342402 0.653927 0.087365 0.058595
6 0.258400 0.768575 0.055460 0.207230
9 0.165142 0.769833 0.092425 0.274025
0 0.662555 0.662658 0.067060 0.115655
1 0.754440 0.600148 0.164040 0.038565
1 0.790915 0.773358 0.192310 0.048475
2 0.747198 0.719032 0.308675 0.285675
3 0.718438 0.860988 0.138725 0.159465
4 0.826425 0.858067 0.160750 0.160635
