2 0.258790 0.249967 0.177180 0.231815
9 0.341097 0.286818 0.150355 0.203435
5 0.143330 0.273920 0.193180 0.220440
6 0.136188 0.230145 0.197345 0.067430
0 0.665405 0.157795 0.066490 0.121400
1 0.757907 0.096110 0.162825 0.040010
2 0.753298 0.210290 0.313915 0.301190
1 0.795972 0.274595 0.193135 0.051820
4 0.724183 0.357177 0.139505 0.159625
3 0.830970 0.356295 0.159990 0.150950
8 0.212635 0.800410 0.278550 0.124330
7 0.207025 0.668313 0.313620 0.144175
1 0.294290 0.769845 0.315520 0.088280
4 0.731505 0.609535 0.255320 0.187710
1 0.609318 0.850457 0.051225 0.266445
1 0.673585 0.867715 0.038680 0.192610
