7 0.222830 0.210585 0.274180 0.161390
1 0.297850 0.312705 0.274890 0.075120
7 0.194520 0.377455 0.224880 0.058370
9 0.111068 0.112750 0.222135 0.225500
0 0.650697 0.143980 0.086195 0.062370
1 0.801155 0.332765 0.077110 0.153060
7 0.856730 0.250848 0.100550 0.204645
7 0.749360 0.241485 0.141380 0.159880
8 0.212635 0.800410 0.278550 0.124330
7 0.207025 0.668313 0.313620 0.144175
1 0.294290 0.769845 0.315520 0.088280
0 0.662645 0.674068 0.073290 0.120075
1 0.758640 0.609842 0.167180 0.039505
1 0.797620 0.784275 0.195060 0.046740
2 0.752380 0.730865 0.313730 0.288190
3 0.722958 0.875235 0.140905 0.159670
4 0.832500 0.871845 0.162510 0.159670
