0 0.163882 0.337548 0.099975 0.066765
5 0.316790 0.335330 0.084850 0.200940
6 0.224378 0.080545 0.246145 0.042850
6 0.222695 0.104795 0.202450 0.037150
1 0.383990 0.317075 0.039480 0.229890
0 0.604657 0.265107 0.078985 0.060495
7 0.698752 0.244312 0.109205 0.191485
8 0.873060 0.210300 0.088210 0.144880
3 0.901212 0.363365 0.078965 0.128520
4 0.833165 0.352977 0.072240 0.153055
6 0.661090 0.437652 0.194510 0.032455
1 0.854302 0.442253 0.202265 0.036805
2 0.738635 0.115437 0.297920 0.108055
9 0.709238 0.374903 0.284345 0.094005
0 0.150697 0.643980 0.086195 0.062370
1 0.301155 0.832765 0.077110 0.153060
7 0.356730 0.750848 0.100550 0.204645
7 0.249360 0.741485 0.141380 0.159880
5 0.802083 0.779288 0.067205 0.180775
4 0.853753 0.806365 0.074775 0.177020
0 0.842403 0.653927 0.087365 0.058595
6 0.758400 0.768575 0.055460 0.207230
9 0.665142 0.769833 0.092425 0.274025
