0 0.162645 0.174068 0.073290 0.120075
1 0.258640 0.109842 0.167180 0.039505
1 0.297620 0.284275 0.195060 0.046740
2 0.252380 0.230865 0.313730 0.288190
3 0.222958 0.375235 0.140905 0.159670
4 0.332500 0.371845 0.162510 0.159670
7 0.907098 0.271722 0.085695 0.169445
0 0.636165 0.232340 0.079790 0.052920
2 0.745800 0.125270 0.305790 0.109590
5 0.663892 0.312658 0.194075 0.059835
9 0.814260 0.101648 0.257910 0.054795
7 0.318013 0.823690 0.097415 0.222980
3 0.232353 0.808573 0.107505 0.127235
8 0.252507 0.620862 0.285555 0.185195
7 0.828015 0.679275 0.229620 0.128470
9 0.773943 0.724948 0.316615 0.212815
