1 0.288615 0.285535 0.264110 0.114580
7 0.216745 0.190810 0.270840 0.121010
9 0.235867 0.353468 0.310325 0.100485
8 0.692435 0.159590 0.239800 0.075330
7 0.686748 0.225523 0.210805 0.094255
9 0.734835 0.289332 0.310870 0.109955
2 0.880763 0.160035 0.238475 0.282080
1 0.710860 0.359535 0.271940 0.060930
1 0.787675 0.360930 0.270610 0.055210
0 0.104658 0.765108 0.078985 0.060495
7 0.198752 0.744313 0.109205 0.191485
8 0.373060 0.710300 0.088210 0.144880
3 0.401212 0.863365 0.078965 0.128520
4 0.333165 0.852978 0.072240 0.153055
6 0.161090 0.937653 0.194510 0.032455
1 0.354302 0.942253 0.202265 0.036805
2 0.238635 0.615437 0.297920 0.108055
9 0.209238 0.874902 0.284345 0.094005
7 0.828015 0.679275 0.229620 0.128470
9 0.773943 0.724948 0.316615 0.212815
