2 0.373575 0.313160 0.117030 0.187000
2 0.238270 0.343638 0.233920 0.214355
0 0.199852 0.381862 0.098305 0.079675
7 0.660907 0.296760 0.103595 0.194440
4 0.743683 0.319717 0.068045 0.153055
8 0.851442 0.297610 0.089975 0.176860
7 0.407098 0.771722 0.085695 0.169445
0 0.136165 0.732340 0.079790 0.052920
2 0.245800 0.625270 0.305790 0.109590
5 0.163892 0.812658 0.194075 0.059835
9 0.314260 0.601648 0.257910 0.054795
8 0.781965 0.805025 0.210760 0.075920
1 0.703812 0.864820 0.240305 0.045140
1 0.754887 0.746705 0.236345 0.069830
2 0.782822 0.691817 0.402445 0.282005
