8 0.149313 0.334653 0.276285 0.205675
2 0.288510 0.391955 0.317560 0.104120
8 0.692435 0.159590 0.239800 0.075330
7 0.686748 0.225523 0.210805 0.094255
9 0.734835 0.289332 0.310870 0.109955
2 0.880763 0.160035 0.238475 0.282080
1 0.710860 0.359535 0.271940 0.060930
1 0.787675 0.360930 0.270610 0.055210
0 0.162555 0.662658 0.067060 0.115655
1 0.254440 0.600148 0.164040 0.038565
1 0.290915 0.773358 0.192310 0.048475
2 0.247198 0.719032 0.308675 0.285675
3 0.218438 0.860988 0.138725 0.159465
4 0.326425 0.858067 0.160750 0.160635
2 0.873575 0.813160 0.117030 0.187000
2 0.738270 0.843638 0.233920 0.214355
0 0.699852 0.881863 0.098305 0.079675
