0 0.085363 0.300800 0.099225 0.063540
2 0.285672 0.386862 0.320895 0.114625
7 0.722830 0.210585 0.274180 0.161390
1 0.797850 0.312705 0.274890 0.075120
7 0.694520 0.377455 0.224880 0.058370
9 0.611068 0.112750 0.222135 0.225500
0 0.165405 0.657795 0.066490 0.121400
1 0.257908 0.596110 0.162825 0.040010
2 0.253298 0.710290 0.313915 0.301190
1 0.295972 0.774595 0.193135 0.051820
4 0.224183 0.857177 0.139505 0.159625
3 0.330970 0.856295 0.159990 0.150950
8 0.834045 0.788258 0.103570 0.183105
7 0.701727 0.727605 0.165595 0.192170
