0 0.163882 0.337548 0.099975 0.066765
5 0.316790 0.335330 0.084850 0.200940
6 0.224378 0.080545 0.246145 0.042850
6 0.222695 0.104795 0.202450 0.037150
1 0.383990 0.317075 0.039480 0.229890
7 0.818013 0.323690 0.097415 0.222980
3 0.732352 0.308573 0.107505 0.127235
8 0.752507 0.120863 0.285555 0.185195
4 0.231505 0.609535 0.255320 0.187710
1 0.109317 0.850457 0.051225 0.266445
1 0.173585 0.867715 0.038680 0.192610
3 0.686347 0.709453 0.137495 0.216575
4 0.772043 0.669215 0.171365 0.173130
0 0.883625 0.628680 0.079170 0.146490
