0 0.162555 0.162658 0.067060 0.115655
1 0.254440 0.100148 0.164040 0.038565
1 0.290915 0.273358 0.192310 0.048475
2 0.247198 0.219033 0.308675 0.285675
3 0.218438 0.360988 0.138725 0.159465
4 0.326425 0.358067 0.160750 0.160635
0 0.665405 0.157795 0.066490 0.121400
1 0.757907 0.096110 0.162825 0.040010
2 0.753298 0.210290 0.313915 0.301190
1 0.795972 0.274595 0.193135 0.051820
4 0.724183 0.357177 0.139505 0.159625
3 0.830970 0.356295 0.159990 0.150950
8 0.334045 0.788258 0.103570 0.183105
7 0.201727 0.727605 0.165595 0.192170
0 0.585363 0.800800 0.099225 0.063540
2 0.785672 0.886862 0.320895 0.114625
