0 0.104658 0.265107 0.078985 0.060495
7 0.198752 0.244312 0.109205 0.191485
8 0.373060 0.210300 0.088210 0.144880
3 0.401212 0.363365 0.078965 0.128520
4 0.333165 0.352977 0.072240 0.153055
6 0.161090 0.437652 0.194510 0.032455
1 0.354302 0.442253 0.202265 0.036805
2 0.238635 0.115437 0.297920 0.108055
9 0.209238 0.374903 0.284345 0.094005
7 0.660907 0.296760 0.103595 0.194440
4 0.743683 0.319717 0.068045 0.153055
8 0.851442 0.297610 0.089975 0.176860
4 0.231505 0.609535 0.255320 0.187710
1 0.109317 0.850457 0.051225 0.266445
1 0.173585 0.867715 0.038680 0.192610
3 0.686347 0.709453 0.137495 0.216575
4 0.772043 0.669215 0.171365 0.173130
0 0.883625 0.628680 0.079170 0.146490
