8 0.281965 0.305025 0.210760 0.075920
1 0.203813 0.364820 0.240305 0.045140
1 0.254887 0.246705 0.236345 0.069830
2 0.282822 0.191818 0.402445 0.282005
0 0.666640 0.158272 0.068140 0.119065
1 0.758310 0.096587 0.165780 0.040055
4 0.831345 0.358550 0.162530 0.160860
3 0.722673 0.361045 0.139595 0.163880
1 0.796772 0.270508 0.193045 0.045435
2 0.753893 0.216720 0.314785 0.284800
7 0.328015 0.679275 0.229620 0.128470
9 0.273943 0.724948 0.316615 0.212815
2 0.758790 0.749968 0.177180 0.231815
9 0.841098 0.786817 0.150355 0.203435
5 0.643330 0.773920 0.193180 0.220440
6 0.636188 0.730145 0.197345 0.067430
