4 0.231505 0.109535 0.255320 0.187710
1 0.109317 0.350457 0.051225 0.266445
1 0.173585 0.367715 0.038680 0.192610
7 0.696350 0.161880 0.225110 0.056650
8 0.796510 0.246225 0.245800 0.086220
1 0.785353 0.308550 0.286425 0.039940
1 0.705140 0.220852 0.283290 0.055435
9 0.730592 0.361662 0.323575 0.105975
2 0.373575 0.813160 0.117030 0.187000
2 0.238270 0.843638 0.233920 0.214355
0 0.199852 0.881863 0.098305 0.079675
1 0.788615 0.785535 0.264110 0.114580
7 0.716745 0.690810 0.270840 0.121010
9 0.735868 0.853468 0.310325 0.100485
