0 0.150697 0.143980 0.086195 0.062370
1 0.301155 0.332765 0.077110 0.153060
7 0.356730 0.250848 0.100550 0.204645
7 0.249360 0.241485 0.141380 0.159880
8 0.834045 0.288257 0.103570 0.183105
7 0.701727 0.227605 0.165595 0.192170
2 0.258790 0.749968 0.177180 0.231815
9 0.341097 0.786817 0.150355 0.203435
5 0.143330 0.773920 0.193180 0.220440
6 0.136188 0.730145 0.197345 0.067430
7 0.722830 0.710585 0.274180 0.161390
1 0.797850 0.812705 0.274890 0.075120
7 0.694520 0.877455 0.224880 0.058370
9 0.611068 0.612750 0.222135 0.225500
