8 0.334045 0.288257 0.103570 0.183105
7 0.201727 0.227605 0.165595 0.192170
7 0.828015 0.179275 0.229620 0.128470
9 0.773943 0.224948 0.316615 0.212815
8 0.374330 0.712200 0.065530 0.133530
7 0.201682 0.745260 0.101645 0.188350
0 0.110118 0.765108 0.076445 0.057975
2 0.242858 0.621803 0.294875 0.105175
6 0.332742 0.585592 0.214215 0.032755
9 0.211775 0.872820 0.273040 0.090710
4 0.334597 0.833990 0.067225 0.131700
3 0.389450 0.849830 0.073930 0.122820
7 0.338417 0.930075 0.228085 0.051640
1 0.191188 0.906925 0.225135 0.028040
0 0.665405 0.657795 0.066490 0.121400
1 0.757907 0.596110 0.162825 0.040010
2 0.753298 0.710290 0.313915 0.301190
1 0.795972 0.774595 0.193135 0.051820
4 0.724183 0.857177 0.139505 0.159625
3 0.830970 0.856295 0.159990 0.150950
