5 0.302083 0.279288 0.067205 0.180775
4 0.353753 0.306365 0.074775 0.177020
0 0.342402 0.153927 0.087365 0.058595
6 0.258400 0.268575 0.055460 0.207230
9 0.165142 0.269833 0.092425 0.274025
7 0.818013 0.323690 0.097415 0.222980
3 0.732352 0.308573 0.107505 0.127235
8 0.752507 0.120863 0.285555 0.185195
7 0.196350 0.661880 0.225110 0.056650
8 0.296510 0.746225 0.245800 0.086220
1 0.285353 0.808550 0.286425 0.039940
1 0.205140 0.720853 0.283290 0.055435
9 0.230593 0.861662 0.323575 0.105975
7 0.722830 0.710585 0.274180 0.161390
1 0.797850 0.812705 0.274890 0.075120
7 0.694520 0.877455 0.224880 0.058370
9 0.611068 0.612750 0.222135 0.225500
