0 0.162645 0.174068 0.073290 0.120075
1 0.258640 0.109842 0.167180 0.039505
1 0.297620 0.284275 0.195060 0.046740
2 0.252380 0.230865 0.313730 0.288190
3 0.222958 0.375235 0.140905 0.159670
4 0.332500 0.371845 0.162510 0.159670
7 0.838178 0.309820 0.142775 0.249440
3 0.805000 0.125897 0.190640 0.095745
0 0.104658 0.765108 0.078985 0.060495
7 0.198752 0.744313 0.109205 0.191485
8 0.373060 0.710300 0.088210 0.144880
3 0.401212 0.863365 0.078965 0.128520
4 0.333165 0.852978 0.072240 0.153055
6 0.161090 0.937653 0.194510 0.032455
1 0.354302 0.942253 0.202265 0.036805
2 0.238635 0.615437 0.297920 0.108055
9 0.209238 0.874902 0.284345 0.094005
8 0.712635 0.800410 0.278550 0.124330
7 0.707025 0.668313 0.313620 0.144175
1 0.794290 0.769845 0.315520 0.088280
