8 0.334045 0.288257 0.103570 0.183105
7 0.201727 0.227605 0.165595 0.192170
5 0.802083 0.279288 0.067205 0.180775
4 0.853753 0.306365 0.074775 0.177020
0 0.842403 0.153927 0.087365 0.058595
6 0.758400 0.268575 0.055460 0.207230
9 0.665142 0.269833 0.092425 0.274025
7 0.196350 0.661880 0.225110 0.056650
8 0.296510 0.746225 0.245800 0.086220
1 0.285353 0.808550 0.286425 0.039940
1 0.205140 0.720853 0.283290 0.055435
9 0.230593 0.861662 0.323575 0.105975
8 0.773153 0.853058 0.234565 0.077225
7 0.791075 0.771643 0.265460 0.129135
7 0.728395 0.674608 0.211970 0.135065
2 0.793260 0.713023 0.413480 0.344975
