0 0.165405 0.157795 0.066490 0.121400
1 0.257908 0.096110 0.162825 0.040010
2 0.253298 0.210290 0.313915 0.301190
1 0.295972 0.274595 0.193135 0.051820
4 0.224183 0.357177 0.139505 0.159625
3 0.330970 0.356295 0.159990 0.150950
7 0.795787 0.105425 0.190705 0.066150
6 0.602140 0.245262 0.043690 0.121565
4 0.603400 0.373735 0.061320 0.131720
2 0.652550 0.234550 0.107530 0.164410
1 0.690775 0.135980 0.167180 0.026460
8 0.692025 0.102600 0.109200 0.047860
8 0.752940 0.316433 0.160450 0.115265
8 0.414650 0.741485 0.080660 0.163130
7 0.177443 0.853605 0.105265 0.199680
4 0.092860 0.873587 0.080890 0.175735
9 0.334037 0.865920 0.254795 0.081070
0 0.205895 0.769272 0.074090 0.052165
1 0.252757 0.575107 0.226825 0.034585
2 0.177158 0.705495 0.161825 0.209200
0 0.801225 0.608387 0.117030 0.094735
2 0.667820 0.797907 0.183200 0.288235
