7 0.338178 0.309820 0.142775 0.249440
3 0.305000 0.125897 0.190640 0.095745
8 0.914650 0.241485 0.080660 0.163130
7 0.677442 0.353605 0.105265 0.199680
4 0.592860 0.373587 0.080890 0.175735
9 0.834037 0.365920 0.254795 0.081070
0 0.705895 0.269272 0.074090 0.052165
1 0.752757 0.075107 0.226825 0.034585
2 0.677158 0.205495 0.161825 0.209200
3 0.186347 0.709453 0.137495 0.216575
4 0.272043 0.669215 0.171365 0.173130
0 0.383625 0.628680 0.079170 0.146490
8 0.834045 0.788258 0.103570 0.183105
7 0.701727 0.727605 0.165595 0.192170
