0 0.165405 0.157795 0.066490 0.121400
1 0.257908 0.096110 0.162825 0.040010
2 0.253298 0.210290 0.313915 0.301190
1 0.295972 0.274595 0.193135 0.051820
4 0.224183 0.357177 0.139505 0.159625
3 0.330970 0.356295 0.159990 0.150950
0 0.663882 0.337548 0.099975 0.066765
5 0.816790 0.335330 0.084850 0.200940
6 0.724378 0.080545 0.246145 0.042850
6 0.722695 0.104795 0.202450 0.037150
1 0.883990 0.317075 0.039480 0.229890
7 0.222830 0.710585 0.274180 0.161390
1 0.297850 0.812705 0.274890 0.075120
7 0.194520 0.877455 0.224880 0.058370
9 0.111068 0.612750 0.222135 0.225500
2 0.651500 0.715700 0.158070 0.228380
8 0.743578 0.808570 0.079835 0.180200
