0 0.104658 0.265107 0.078985 0.060495
7 0.198752 0.244312 0.109205 0.191485
8 0.373060 0.210300 0.088210 0.144880
3 0.401212 0.363365 0.078965 0.128520
4 0.333165 0.352977 0.072240 0.153055
6 0.161090 0.437652 0.194510 0.032455
1 0.354302 0.442253 0.202265 0.036805
2 0.238635 0.115437 0.297920 0.108055
9 0.209238 0.374903 0.284345 0.094005
0 0.662645 0.174068 0.073290 0.120075
1 0.758640 0.109842 0.167180 0.039505
1 0.797620 0.284275 0.195060 0.046740
2 0.752380 0.230865 0.313730 0.288190
3 0.722958 0.375235 0.140905 0.159670
4 0.832500 0.371845 0.162510 0.159670
7 0.338178 0.809820 0.142775 0.249440
3 0.305000 0.625897 0.190640 0.095745
8 0.914650 0.741485 0.080660 0.163130
7 0.677442 0.853605 0.105265 0.199680
4 0.592860 0.873587 0.080890 0.175735
9 0.834037 0.865920 0.254795 0.081070
0 0.705895 0.769272 0.074090 0.052165
1 0.752757 0.575107 0.226825 0.034585
2 0.677158 0.705495 0.161825 0.209200
