0 0.150697 0.143980 0.086195 0.062370
1 0.301155 0.332765 0.077110 0.153060
7 0.356730 0.250848 0.100550 0.204645
7 0.249360 0.241485 0.141380 0.159880
7 0.660907 0.296760 0.103595 0.194440
4 0.743683 0.319717 0.068045 0.153055
8 0.851442 0.297610 0.089975 0.176860
0 0.104658 0.765108 0.078985 0.060495
7 0.198752 0.744313 0.109205 0.191485
8 0.373060 0.710300 0.088210 0.144880
3 0.401212 0.863365 0.078965 0.128520
4 0.333165 0.852978 0.072240 0.153055
6 0.161090 0.937653 0.194510 0.032455
1 0.354302 0.942253 0.202265 0.036805
2 0.238635 0.615437 0.297920 0.108055
9 0.209238 0.874902 0.284345 0.094005
0 0.663882 0.837548 0.099975 0.066765
5 0.816790 0.835330 0.084850 0.200940
6 0.724378 0.580545 0.246145 0.042850
6 0.722695 0.604795 0.202450 0.037150
1 0.883990 0.817075 0.039480 0.229890
