7 0.318013 0.323690 0.097415 0.222980
3 0.232353 0.308573 0.107505 0.127235
8 0.252507 0.120863 0.285555 0.185195
7 0.762600 0.278622 0.095260 0.213735
6 0.636702 0.303847 0.053675 0.196155
1 0.886965 0.319720 0.034040 0.164410
9 0.845010 0.261055 0.110390 0.284020
2 0.373575 0.813160 0.117030 0.187000
2 0.238270 0.843638 0.233920 0.214355
0 0.199852 0.881863 0.098305 0.079675
5 0.802083 0.779288 0.067205 0.180775
4 0.853753 0.806365 0.074775 0.177020
0 0.842403 0.653927 0.087365 0.058595
6 0.758400 0.768575 0.055460 0.207230
9 0.665142 0.769833 0.092425 0.274025
