0 0.150697 0.143980 0.086195 0.062370
1 0.301155 0.332765 0.077110 0.153060
7 0.356730 0.250848 0.100550 0.204645
7 0.249360 0.241485 0.141380 0.159880
8 0.781965 0.305025 0.210760 0.075920
1 0.703812 0.364820 0.240305 0.045140
1 0.754887 0.246705 0.236345 0.069830
2 0.782822 0.191818 0.402445 0.282005
4 0.231505 0.609535 0.255320 0.187710
1 0.109317 0.850457 0.051225 0.266445
1 0.173585 0.867715 0.038680 0.192610
0 0.662645 0.674068 0.073290 0.120075
1 0.758640 0.609842 0.167180 0.039505
1 0.797620 0.784275 0.195060 0.046740
2 0.752380 0.730865 0.313730 0.288190
3 0.722958 0.875235 0.140905 0.159670
4 0.832500 0.871845 0.162510 0.159670
