7 0.318013 0.323690 0.097415 0.222980
3 0.232353 0.308573 0.107505 0.127235
8 0.252507 0.120863 0.285555 0.185195
7 0.722830 0.210585 0.274180 0.161390
1 0.797850 0.312705 0.274890 0.075120
7 0.694520 0.377455 0.224880 0.058370
9 0.611068 0.112750 0.222135 0.225500
0 0.166640 0.658273 0.068140 0.119065
1 0.258310 0.596587 0.165780 0.040055
4 0.331345 0.858550 0.162530 0.160860
3 0.222672 0.861045 0.139595 0.163880
1 0.296772 0.770508 0.193045 0.045435
2 0.253893 0.716720 0.314785 0.284800
0 0.585363 0.800800 0.099225 0.063540
2 0.785672 0.886862 0.320895 0.114625
