8 0.192435 0.159590 0.239800 0.075330
7 0.186748 0.225523 0.210805 0.094255
9 0.234835 0.289332 0.310870 0.109955
2 0.380763 0.160035 0.238475 0.282080
1 0.210860 0.359535 0.271940 0.060930
1 0.287675 0.360930 0.270610 0.055210
4 0.731505 0.109535 0.255320 0.187710
1 0.609318 0.350457 0.051225 0.266445
1 0.673585 0.367715 0.038680 0.192610
7 0.338178 0.809820 0.142775 0.249440
3 0.305000 0.625897 0.190640 0.095745
0 0.665405 0.657795 0.066490 0.121400
1 0.757907 0.596110 0.162825 0.040010
2 0.753298 0.710290 0.313915 0.301190
1 0.795972 0.774595 0.193135 0.051820
4 0.724183 0.857177 0.139505 0.159625
3 0.830970 0.856295 0.159990 0.150950
