4 0.231505 0.109535 0.255320 0.187710
1 0.109317 0.350457 0.051225 0.266445
1 0.173585 0.367715 0.038680 0.192610
8 0.914650 0.241485 0.080660 0.163130
7 0.677442 0.353605 0.105265 0.199680
4 0.592860 0.373587 0.080890 0.175735
9 0.834037 0.365920 0.254795 0.081070
0 0.705895 0.269272 0.074090 0.052165
1 0.752757 0.075107 0.226825 0.034585
2 0.677158 0.205495 0.161825 0.209200
0 0.165405 0.657795 0.066490 0.121400
1 0.257908 0.596110 0.162825 0.040010
2 0.253298 0.710290 0.313915 0.301190
1 0.295972 0.774595 0.193135 0.051820
4 0.224183 0.857177 0.139505 0.159625
3 0.330970 0.856295 0.159990 0.150950
7 0.828015 0.679275 0.229620 0.128470
9 0.773943 0.724948 0.316615 0.212815
