8 0.374330 0.212200 0.065530 0.133530
7 0.201682 0.245260 0.101645 0.188350
0 0.110118 0.265107 0.076445 0.057975
2 0.242858 0.121802 0.294875 0.105175
6 0.332742 0.085593 0.214215 0.032755
9 0.211775 0.372820 0.273040 0.090710
4 0.334597 0.333990 0.067225 0.131700
3 0.389450 0.349830 0.073930 0.122820
7 0.338417 0.430075 0.228085 0.051640
1 0.191188 0.406925 0.225135 0.028040
0 0.650697 0.143980 0.086195 0.062370
1 0.801155 0.332765 0.077110 0.153060
7 0.856730 0.250848 0.100550 0.204645
7 0.749360 0.241485 0.141380 0.159880
8 0.281965 0.805025 0.210760 0.075920
1 0.203813 0.864820 0.240305 0.045140
1 0.254887 0.746705 0.236345 0.069830
2 0.282822 0.691817 0.402445 0.282005
0 0.663882 0.837548 0.099975 0.066765
5 0.816790 0.835330 0.084850 0.200940
6 0.724378 0.580545 0.246145 0.042850
6 0.722695 0.604795 0.202450 0.037150
1 0.883990 0.817075 0.039480 0.229890
