8 0.192435 0.159590 0.239800 0.075330
7 0.186748 0.225523 0.210805 0.094255
9 0.234835 0.289332 0.310870 0.109955
2 0.380763 0.160035 0.238475 0.282080
1 0.210860 0.359535 0.271940 0.060930
1 0.287675 0.360930 0.270610 0.055210
0 0.604657 0.265107 0.078985 0.060495
7 0.698752 0.244312 0.109205 0.191485
8 0.873060 0.210300 0.088210 0.144880
3 0.901212 0.363365 0.078965 0.128520
4 0.833165 0.352977 0.072240 0.153055
6 0.661090 0.437652 0.194510 0.032455
1 0.854302 0.442253 0.202265 0.036805
2 0.738635 0.115437 0.297920 0.108055
9 0.709238 0.374903 0.284345 0.094005
7 0.328015 0.679275 0.229620 0.128470
9 0.273943 0.724948 0.316615 0.212815
8 0.712635 0.800410 0.278550 0.124330
7 0.707025 0.668313 0.313620 0.144175
1 0.794290 0.769845 0.315520 0.088280
