4 0.231505 0.109535 0.255320 0.187710
1 0.109317 0.350457 0.051225 0.266445
1 0.173585 0.367715 0.038680 0.192610
2 0.651500 0.215700 0.158070 0.228380
8 0.743578 0.308570 0.079835 0.180200
8 0.192435 0.659590 0.239800 0.075330
7 0.186748 0.725523 0.210805 0.094255
9 0.234835 0.789332 0.310870 0.109955
2 0.380763 0.660035 0.238475 0.282080
1 0.210860 0.859535 0.271940 0.060930
1 0.287675 0.860930 0.270610 0.055210
7 0.696350 0.661880 0.225110 0.056650
8 0.796510 0.746225 0.245800 0.086220
1 0.785353 0.808550 0.286425 0.039940
1 0.705140 0.720853 0.283290 0.055435
9 0.730592 0.861662 0.323575 0.105975
